D(0)
0.0 3.3 INF INF INF INF INF INF INF INF 2.3 
3.3 0.0 1.5 INF INF INF INF 2.4 6.0 INF INF 
INF 1.5 0.0 3.5 INF INF INF 3.0 INF INF INF 
INF INF 3.5 0.0 2.4 6.4 4.5 INF INF INF INF 
INF INF INF 2.4 0.0 4.4 INF INF INF INF INF 
INF INF INF 6.4 4.4 0.0 INF INF INF INF INF 
INF INF INF 4.5 INF INF 0.0 2.4 INF INF INF 
INF 4.0 3.0 INF INF INF 2.4 0.0 INF INF INF 
INF 6.0 INF INF INF INF INF INF 0.0 4.0 INF 
INF INF INF INF INF INF INF INF 4.0 0.0 1.2 
2.3 INF INF INF INF INF INF INF INF 1.2 0.0 
D(1)
0.0 3.3 INF INF INF INF INF INF INF INF 2.3 
3.3 0.0 1.5 INF INF INF INF 2.4 6.0 INF 5.6 
INF 1.5 0.0 3.5 INF INF INF 3.0 INF INF INF 
INF INF 3.5 0.0 2.4 6.4 4.5 INF INF INF INF 
INF INF INF 2.4 0.0 4.4 INF INF INF INF INF 
INF INF INF 6.4 4.4 0.0 INF INF INF INF INF 
INF INF INF 4.5 INF INF 0.0 2.4 INF INF INF 
INF 4.0 3.0 INF INF INF 2.4 0.0 INF INF INF 
INF 6.0 INF INF INF INF INF INF 0.0 4.0 INF 
INF INF INF INF INF INF INF INF 4.0 0.0 1.2 
2.3 5.6 INF INF INF INF INF INF INF 1.2 0.0 
D(2)
0.0 3.3 4.8 INF INF INF INF 5.7 9.3 INF 2.3 
3.3 0.0 1.5 INF INF INF INF 2.4 6.0 INF 5.6 
4.8 1.5 0.0 3.5 INF INF INF 3.0 7.5 INF 7.1 
INF INF 3.5 0.0 2.4 6.4 4.5 INF INF INF INF 
INF INF INF 2.4 0.0 4.4 INF INF INF INF INF 
INF INF INF 6.4 4.4 0.0 INF INF INF INF INF 
INF INF INF 4.5 INF INF 0.0 2.4 INF INF INF 
7.3 4.0 3.0 INF INF INF 2.4 0.0 10.0 INF 9.6 
9.3 6.0 7.5 INF INF INF INF 8.4 0.0 4.0 11.6 
INF INF INF INF INF INF INF INF 4.0 0.0 1.2 
2.3 5.6 7.1 INF INF INF INF 8.0 11.6 1.2 0.0 
D(3)
0.0 3.3 4.8 8.3 INF INF INF 5.7 9.3 INF 2.3 
3.3 0.0 1.5 5.0 INF INF INF 2.4 6.0 INF 5.6 
4.8 1.5 0.0 3.5 INF INF INF 3.0 7.5 INF 7.1 
8.3 5.0 3.5 0.0 2.4 6.4 4.5 6.5 11.0 INF 10.6 
INF INF INF 2.4 0.0 4.4 INF INF INF INF INF 
INF INF INF 6.4 4.4 0.0 INF INF INF INF INF 
INF INF INF 4.5 INF INF 0.0 2.4 INF INF INF 
7.3 4.0 3.0 6.5 INF INF 2.4 0.0 10.0 INF 9.6 
9.3 6.0 7.5 11.0 INF INF INF 8.4 0.0 4.0 11.6 
INF INF INF INF INF INF INF INF 4.0 0.0 1.2 
2.3 5.6 7.1 10.6 INF INF INF 8.0 11.6 1.2 0.0 
D(4)
0.0 3.3 4.8 8.3 10.7 14.7 12.8 5.7 9.3 INF 2.3 
3.3 0.0 1.5 5.0 7.4 11.4 9.5 2.4 6.0 INF 5.6 
4.8 1.5 0.0 3.5 5.9 9.9 8.0 3.0 7.5 INF 7.1 
8.3 5.0 3.5 0.0 2.4 6.4 4.5 6.5 11.0 INF 10.6 
10.7 7.4 5.9 2.4 0.0 4.4 6.9 8.9 13.4 INF 13.0 
14.7 11.4 9.9 6.4 4.4 0.0 10.9 12.9 17.4 INF 17.0 
12.8 9.5 8.0 4.5 6.9 10.9 0.0 2.4 15.5 INF 15.1 
7.3 4.0 3.0 6.5 8.9 12.9 2.4 0.0 10.0 INF 9.6 
9.3 6.0 7.5 11.0 13.4 17.4 15.5 8.4 0.0 4.0 11.6 
INF INF INF INF INF INF INF INF 4.0 0.0 1.2 
2.3 5.6 7.1 10.6 13.0 17.0 15.1 8.0 11.6 1.2 0.0 
D(5)
0.0 3.3 4.8 8.3 10.7 14.7 12.8 5.7 9.3 INF 2.3 
3.3 0.0 1.5 5.0 7.4 11.4 9.5 2.4 6.0 INF 5.6 
4.8 1.5 0.0 3.5 5.9 9.9 8.0 3.0 7.5 INF 7.1 
8.3 5.0 3.5 0.0 2.4 6.4 4.5 6.5 11.0 INF 10.6 
10.7 7.4 5.9 2.4 0.0 4.4 6.9 8.9 13.4 INF 13.0 
14.7 11.4 9.9 6.4 4.4 0.0 10.9 12.9 17.4 INF 17.0 
12.8 9.5 8.0 4.5 6.9 10.9 0.0 2.4 15.5 INF 15.1 
7.3 4.0 3.0 6.5 8.9 12.9 2.4 0.0 10.0 INF 9.6 
9.3 6.0 7.5 11.0 13.4 17.4 15.5 8.4 0.0 4.0 11.6 
INF INF INF INF INF INF INF INF 4.0 0.0 1.2 
2.3 5.6 7.1 10.6 13.0 17.0 15.1 8.0 11.6 1.2 0.0 
D(6)
0.0 3.3 4.8 8.3 10.7 14.7 12.8 5.7 9.3 INF 2.3 
3.3 0.0 1.5 5.0 7.4 11.4 9.5 2.4 6.0 INF 5.6 
4.8 1.5 0.0 3.5 5.9 9.9 8.0 3.0 7.5 INF 7.1 
8.3 5.0 3.5 0.0 2.4 6.4 4.5 6.5 11.0 INF 10.6 
10.7 7.4 5.9 2.4 0.0 4.4 6.9 8.9 13.4 INF 13.0 
14.7 11.4 9.9 6.4 4.4 0.0 10.9 12.9 17.4 INF 17.0 
12.8 9.5 8.0 4.5 6.9 10.9 0.0 2.4 15.5 INF 15.1 
7.3 4.0 3.0 6.5 8.9 12.9 2.4 0.0 10.0 INF 9.6 
9.3 6.0 7.5 11.0 13.4 17.4 15.5 8.4 0.0 4.0 11.6 
INF INF INF INF INF INF INF INF 4.0 0.0 1.2 
2.3 5.6 7.1 10.6 13.0 17.0 15.1 8.0 11.6 1.2 0.0 
D(7)
0.0 3.3 4.8 8.3 10.7 14.7 12.8 5.7 9.3 INF 2.3 
3.3 0.0 1.5 5.0 7.4 11.4 9.5 2.4 6.0 INF 5.6 
4.8 1.5 0.0 3.5 5.9 9.9 8.0 3.0 7.5 INF 7.1 
8.3 5.0 3.5 0.0 2.4 6.4 4.5 6.5 11.0 INF 10.6 
10.7 7.4 5.9 2.4 0.0 4.4 6.9 8.9 13.4 INF 13.0 
14.7 11.4 9.9 6.4 4.4 0.0 10.9 12.9 17.4 INF 17.0 
12.8 9.5 8.0 4.5 6.9 10.9 0.0 2.4 15.5 INF 15.1 
7.3 4.0 3.0 6.5 8.9 12.9 2.4 0.0 10.0 INF 9.6 
9.3 6.0 7.5 11.0 13.4 17.4 15.5 8.4 0.0 4.0 11.6 
INF INF INF INF INF INF INF INF 4.0 0.0 1.2 
2.3 5.6 7.1 10.6 13.0 17.0 15.1 8.0 11.6 1.2 0.0 
D(8)
0.0 3.3 4.8 8.3 10.7 14.7 8.1 5.7 9.3 INF 2.3 
3.3 0.0 1.5 5.0 7.4 11.4 4.8 2.4 6.0 INF 5.6 
4.8 1.5 0.0 3.5 5.9 9.9 5.4 3.0 7.5 INF 7.1 
8.3 5.0 3.5 0.0 2.4 6.4 4.5 6.5 11.0 INF 10.6 
10.7 7.4 5.9 2.4 0.0 4.4 6.9 8.9 13.4 INF 13.0 
14.7 11.4 9.9 6.4 4.4 0.0 10.9 12.9 17.4 INF 17.0 
9.7 6.4 5.4 4.5 6.9 10.9 0.0 2.4 12.4 INF 12.0 
7.3 4.0 3.0 6.5 8.9 12.9 2.4 0.0 10.0 INF 9.6 
9.3 6.0 7.5 11.0 13.4 17.4 10.8 8.4 0.0 4.0 11.6 
INF INF INF INF INF INF INF INF 4.0 0.0 1.2 
2.3 5.6 7.1 10.6 13.0 17.0 10.4 8.0 11.6 1.2 0.0 
D(9)
0.0 3.3 4.8 8.3 10.7 14.7 8.1 5.7 9.3 13.3 2.3 
3.3 0.0 1.5 5.0 7.4 11.4 4.8 2.4 6.0 10.0 5.6 
4.8 1.5 0.0 3.5 5.9 9.9 5.4 3.0 7.5 11.5 7.1 
8.3 5.0 3.5 0.0 2.4 6.4 4.5 6.5 11.0 15.0 10.6 
10.7 7.4 5.9 2.4 0.0 4.4 6.9 8.9 13.4 17.4 13.0 
14.7 11.4 9.9 6.4 4.4 0.0 10.9 12.9 17.4 21.4 17.0 
9.7 6.4 5.4 4.5 6.9 10.9 0.0 2.4 12.4 16.4 12.0 
7.3 4.0 3.0 6.5 8.9 12.9 2.4 0.0 10.0 14.0 9.6 
9.3 6.0 7.5 11.0 13.4 17.4 10.8 8.4 0.0 4.0 11.6 
13.3 10.0 11.5 15.0 17.4 21.4 14.8 12.4 4.0 0.0 1.2 
2.3 5.6 7.1 10.6 13.0 17.0 10.4 8.0 11.6 1.2 0.0 
D(10)
0.0 3.3 4.8 8.3 10.7 14.7 8.1 5.7 9.3 13.3 2.3 
3.3 0.0 1.5 5.0 7.4 11.4 4.8 2.4 6.0 10.0 5.6 
4.8 1.5 0.0 3.5 5.9 9.9 5.4 3.0 7.5 11.5 7.1 
8.3 5.0 3.5 0.0 2.4 6.4 4.5 6.5 11.0 15.0 10.6 
10.7 7.4 5.9 2.4 0.0 4.4 6.9 8.9 13.4 17.4 13.0 
14.7 11.4 9.9 6.4 4.4 0.0 10.9 12.9 17.4 21.4 17.0 
9.7 6.4 5.4 4.5 6.9 10.9 0.0 2.4 12.4 16.4 12.0 
7.3 4.0 3.0 6.5 8.9 12.9 2.4 0.0 10.0 14.0 9.6 
9.3 6.0 7.5 11.0 13.4 17.4 10.8 8.4 0.0 4.0 5.2 
13.3 10.0 11.5 15.0 17.4 21.4 14.8 12.4 4.0 0.0 1.2 
2.3 5.6 7.1 10.6 13.0 17.0 10.4 8.0 5.2 1.2 0.0 
D(11)
0.0 3.3 4.8 8.3 10.7 14.7 8.1 5.7 7.5 3.5 2.3 
3.3 0.0 1.5 5.0 7.4 11.4 4.8 2.4 6.0 6.8 5.6 
4.8 1.5 0.0 3.5 5.9 9.9 5.4 3.0 7.5 8.3 7.1 
8.3 5.0 3.5 0.0 2.4 6.4 4.5 6.5 11.0 11.8 10.6 
10.7 7.4 5.9 2.4 0.0 4.4 6.9 8.9 13.4 14.2 13.0 
14.7 11.4 9.9 6.4 4.4 0.0 10.9 12.9 17.4 18.2 17.0 
9.7 6.4 5.4 4.5 6.9 10.9 0.0 2.4 12.4 13.2 12.0 
7.3 4.0 3.0 6.5 8.9 12.9 2.4 0.0 10.0 10.8 9.6 
7.5 6.0 7.5 11.0 13.4 17.4 10.8 8.4 0.0 4.0 5.2 
3.5 6.8 8.3 11.8 14.2 18.2 11.6 9.2 4.0 0.0 1.2 
2.3 5.6 7.1 10.6 13.0 17.0 10.4 8.0 5.2 1.2 0.0 
